$ANSIBLE_VAULT;1.1;AES256
65643763353061336538633265383266373433303033393266336331643061326163386633383261
6339306639636531653938623530643362653035393132620a333261653266303631323061666166
32323633616134303536376437663738376265656131313731336465343161333062663330363737
3861666263313364380a653435643238363838666331326666626432313730326461343231373466
37356539663632363737373637303333613934666631646134393331613333336431363861623563
33396334656462393836623238393063366532373962313631396434346139333861343135343837
38656365663736616563613966393937303964306238313234376233363838366639356633666366
63396165663739373230623231336334623762613932386265623966393138363863623564636136
35396639646166376539373761653163333565343462366139663263623966373362396163656464
32366436346239393633646538336662633264343162373631336230346331653835656337316665
62353830326431393836353365303961303834663836626635383966373063646633653363386461
38393265633964656335626336623966663030346361336335653031333038306430393130373832
39653634336364646563353230303034343738643635383238363533663663383366333532633736
6334663665626232323838393538626635366365643966383534
