$ANSIBLE_VAULT;1.1;AES256
39613334303931326265306339366264356430653932326235663938346166386637643337303138
6166633538613337323337386137666162626464613530390a643634336138386336373335623533
32333734623863326166653233356230653835623635656234623434326135653561633935616239
3038333938386537390a373533346565313039653962373665333531626334376462313366643136
63376338333632346166373136303466333933656136623635353039393639396332316138366461
65396461623036333430663431323236666539643731616261333666613366323964626564393362
35386262616439663738633835613363623164396361366337323435653235633033623663353438
31643436636366613331383732383936303964653961396238616235313034613132623731353535
30656235613432613162663736393364336165333437383430666238356437316332363731396635
63393066353931643535316433343836346633383534613361666561306363353339333165666539
66396330303163666137383566626165653063656239326131656630616564653265633831633731
65656532376663383330383362623465316463663763383636323265613933626464326533623935
64663633616633396462356436633336623066653031313335326337666236326431383332306161
32653336383033313863333338616332656638346365396137373736353564366264376464616334
61343364393465616565323939336434323935323732653564316238663963623031663930663866
61376638666339663134353464633835323462633163363436666163363336323531616434396632
33633034343963333363303138633964616538306462646663336136626262303761373638303839
36393031623932646536616166346533666234343939633966643334306433613135633838656336
32333264616232333862393461656435303634306435666537376662366165306436353765666361
65613064333665646437366230363434633236653935373435323731353664323731623036313238
35653834633439323338613965346136656263336132343034306463336362633066663934646338
61396632346337343231613865306164386138383832363533663037643335313464646266313165
63376365383463383763303362303164646634643133303666366165363965383164643039356538
39646435383561643637656336383133343735373066653838633931313530396565373737313831
35643562363735376463313332656164376134363237383735343934656332316362343031666532
34303963306434366162373931393930336233623933616132303230663966343662613735353939
64386435653837373865626439653935623765653663626636653038663162356135646563613438
62656565343632353365663564333866313164383738613061366565343331356131383361326330
65333631666230636434343933346230353762643339343035333438623865353635373531333861
37313166303334643639303063313231616334643930383863643330623961306138316637396236
35353066623962313963643034353830336538353333366663363362643930633331343661363934
35383766343238323937333861313164393365636166656138353062616333616565316139353537
31656334333931613737333738356134313532343436623735306564656165646164663366653564
35613266363037363535636231356266333531613365366532653462366438663437366436643737
32363332346165613333326165666239656437616431366234383839656231616132646536313661
34346637616438316135346366383735313934303066633430336436666136393034346539386234
35323065376233363432376465626231323338616235326438653638653836363537633363366334
61343634643339613766323839343333343437663236363663633330636434303364346137623463
35376361666230323230303036336561393930303261336431656533386464353434363166643631
65373530373331363239373761656262373535363139616363333831393465653063356335313535
62303930326566656130373132363438363632306561626232316538666136333338396338303330
63656538323962633063313566306165383334373331323436396532643439396262663266376135
31306433356538383939376130353434303565653532653438306138323566303765653437356262
63633130393662613266343830623462306539393038313439623036633739656234613863623463
30346437633634636162616239323361303162373332333030376163386432633163613436363838
35303532386635333539323766623235313330383938353965393134613662363137313865616461
62613835376630643365383761396539336539396435643835316163323033653163663362393463
65303766353430636330626434316632373539353362613536333365666539313937313561656363
38383862653064333434393639643334383163306332303961386338613839353737323363363764
39376230333862643266363663396537633634336361623565363766373539366630346261333539
30326434666663303234613830646165353632303730616231363666626531643465346634633538
35316134613436663565623034616337303634303166313466663037633931346363306135623331
64386338373238376332663135383232623031666439353538303431636538313166383464326432
31663239663338616436343163346335383032343262626537663337623862303730326538323566
38656636646530386338323662356634316132633830663530386636623730396336643733643066
65346463386238353632323131653031373936643235333236393930313238323237306433396331
38393961333234633031616136656361373633363565656633653961626264666463633761646532
61626662356532373861313836393531383564666131623332353430323636386232396565613338
34353530666561333761326562663965613235613331663836646663333234346162386139373866
66636661636638613966383739386539326636326164633065633335303032373864376334373865
66633033313264323863333736373532633530613437396131616661333738316637656630333861
65653639356533306336346333336531343165643938613065376465396530623765653562373330
37366339356531383162616138663833663334623265353330623765313537396337323966323465
30306565623732616663303430366562643264343165386661303466353434636131666366373631
31336631643930323835373965346539303464356336376532363863386435356161633565376132
31326466623266656135363437323866613531626234326465376666353231623962313864376565
65633164323861383739376531393436333366653465656231356637373835306639393339396663
34386537373238623735353131343262666163393866373263376661663832646134663931663663
37393239633238363562303064636363333833653530383633353237346135616435623061383962
65386265613534643865333530656537393766656134663266643866356264623666343161616564
32363938373839373838346264376566333464613363393533653535356163306639376232306534
31666337623934376337613336663936346338366638353636306531663738616463346339653036
30633236343865346232666166303335343632373434313439653664353663613461666664336631
64356137303936323635613266343861303531336237656361333139303462336363333935343531
36336633363165653530633030326436616637346363633532383765666566613464316132333235
36633163313162393161326533396538663630386637663939323262323331663634636434663536
66386134663935306537663735656362616561666138313038376438636530336365353364343236
32373666393930363631303663353538333232363764343230366530623866653261653039653336
66663630386537343434386433653239663761363262643465336434613633656234343965376632
65653963386338306336346438366563613832376432343635613338376134376536653631393534
36643064366630613565623036616233386433303734386432626537613761383361666131383862
33356535303939383430363533363430643866396366633663626336646463626462643932363861
36623331643434383330633662633763343434316337613231643137393037666265633434326631
37353639313666636338663466356236303935303132656463316462316465636139393461336135
62646630393834646466366665363535356235356134626463356434383236366661303363316362
62636365303432653332343963646632366632656436663938393737313462633964636362386136
30396230376361316532666462326238393135363135373539333263636566376665343732633134
34383766363936386237626337643363623866363936316134333665353566326334633261363961
35323132663734613363663262303165623334643938656634323733633436373238626232393361
31616238373763363461633836356333646164353335663738623230316133623961663763366530
30616663326463633639316135323039396238666436333237633338383831363033313063666530
35396238363733366263623830336436393333313639376166633436663263623130653736366636
36663561646637623961366335633664353835316634343064666436303932333835383762366330
34353537643863616135353536616432653933333733356335346261326335663032616639366365
63343764663136666561646439346239623338343263623661333931623233373437643034316431
66326133653630306232363166656530353831386438356330356633333965623734326465656637
31333533623234373835646466346532323735656139313631373464613063323235643065623565
33373563346265363662623736306636643463363963316337366435613761383965613136613834
66356361313937313565633066643763386230363235343165646337666562623263323364616363
32333132656561663362396533363663376532396661623034306235396434313538623463333662
31656432343365643530323136666230656662393434346166373833363162396361356539346630
63653630316639356434653066666233363065313065663334303939353132336332383638393564
32363738393035626430316631343038633437646431303639613432393631383630633330663764
62343739326338613466373765646435643037346538336638343832396638653432613436353537
64613738633133366537353430376665666237376132363863663564376136346161666132386234
31633737303866343664333463393933646134616135343539353065373937333564366464303433
34333566346631643761626162313935316530636433316432643165326432653063383033663238
65623436653031643363656562643663343363376137643465656335313730386365396261613863
34656139613630616638363831363363666635646465313334343162373439353430633932613061
3764386435343632393831666236666637333463653239633534
