$ANSIBLE_VAULT;1.1;AES256
31383261636263666235393434373338653865376365656264623262613930616235336535613439
3063626235343766633963633538306535396466633735650a366562323933313362303865613738
65663630353066326264636537636639633434663536376635323563323863373461383735663135
3832303330303865610a636236646332306639323164373063613965656130373164343833366165
34643636323265353965313133313764616136656432303333373632656537383830356435303833
31316631653662306636376331643563663866343563343266386163316636356462373532636261
62323736366163666538353338346139633236623832326538383232333233343564653538323537
64343439666634623533326464636664353039656331653634663336376637656461336230346261
39316434653231646338383363313262363835383038656138636438333862616661663462306330
38336161646266613136633864343133323437323133366266613235383862613661393766343638
61306436616361323230656565313266343731303033316430383932656639353366633038616532
30633166633635393238656635643334333464383435376636366162646561633537373166396434
33376230633961303365626231323436636564393031613166653638643261646435303734343636
61656434323062376432313463653063313462633264323865626364633736643336386361373066
31356633396562323861306539353138336138396138623337353038363962353935346264343565
65333832323735626663353037666236636239356332346136666439303161633333373863353163
34383738663437623531373934383939623833653030663661636561356431323965
