$ANSIBLE_VAULT;1.1;AES256
65373436636639646232396233333133633330366265643939623231393430356664636634383066
3562643036653835626464353861393733303661653562340a633934373139666139303831663837
61333535396237366534323032353939323861663735313064356630383433643432363866643531
3138613539303034390a653039336436353532666237346466356438383435306364383533663339
36626565663439363965323664653435633734656234316137383763343038323564316239326264
34613066656363396332656538376335373862656537633766666563376166353532653330663665
30393234663231626662313765333633356134326639333465376362636239306437393431346163
33316231323739323035323339343730386465636564303261306464656134366166656431326331
34343266343332333631636232643638343739643562343666346631393237646161316333643935
38373438336238613632313835666339646662643539636630383966663938363632386366626235
36353366663234336630346562373537666666623936336465366431663231326365343861613838
61336438393438333134336638383663323438356163636162666565663234376335353932306166
32623466643537396363356635663165313866636466376166646664353039336532366665646365
31393763303166353564393166306162306162313635613261383637313961386130303363633063
32313830363730393363333434633432366130313638343630343037333364326661363162336637
66636366363631313230666333363863363832303064653464646433303961613165353532653666
39643132613338323339646264396139666264353134393466343133626534666563393134646531
31343364656637643639643937623661303730346430396564326634313530333637613463306462
66353165343037633361303366613932633162333935353535363638363263376239623236393463
64303431303734393534346261343731323162326338333830353636346333393766313363633230
34363365393639303136626534313939613838666135663230326133653031323762663636376537
37613633353964366534383665303462366438663537656437376337303933393662326530356466
39663533656366383637623030333831666435303831326266346264333361633532653538613761
32613864336233393938343066323362343266303139356463663738626632643566336365333663
37313265306639626539303934303230613936633164666161376261333836336431623939393963
62646435363330353130373861313766383633326366616432363134323237356331366665656331
30353337316163336630366231353962383965326666653538363163386663646538303337366134
38363665376533333062363832376236643662356661636663313230316165313232633636373537
64616261333837383038326661613062346663656438313663386263346636666664386261643562
64653430373430616137306333633831343635653334386365663431393633656366326462343662
33636163353761383364383663333163316538643965383863656661323233636535393135343939
31616330343633616337313464613630316234616638656435343665356563666564326361333662
35313737363762346437346634316661383566343965363865303261386365613431333737636563
65643533343635333863343636383132356162303735656635666532393134336632353738663730
32343838383266383461656162666139366165636339613165363239643561636435633539653638
66303163663533663630663433623831336238613333626537643263323635303231383137616430
37663233626363356230636333303264623139396239623432333562336330623832366334373734
30396565646435616535303463326562346634323834616633303033353238613364346230353332
31636137373839306364383863613737343233363262306263623431613939333832343638663331
64666438353331653037393062653833393865303333386366643634653833623830666132373261
38616666316235393062373531346563363633663035303334356131616162336231306537653132
36653135333738316633396464356631613935646130616131353034613264373339336132316566
62653434353462373663383463393833663932646563333133316338623962636530336331653665
62346134323436633132366139393239353039643333373864653736333839333236323533663635
30366638313734636363313636666566356534303631663265373666626336376132386334383832
66663364303566326531363363366231363739356662373237616565333231356138336266323965
38326637663166613030363830346331336334333235383262653131393265316236666338383030
35643035343166356137356635623235386564306266363837326434626265373435616262376433
35396238356631323763343763393539623133636366396631343637376532353964306136656137
31363039643862613238383130363734346439616130346263633430366532653163623730356463
36316565643661663931323064383135633665626235643562363539316634333036386439626631
39303963643536353032346636626135653333633032623735343663353832366262373839363439
33633665373733666463616234666162633061613439656162333265656538326362356137313937
65303133313534353636366565386633633836373937633138313638323632323834373761313261
65663430343666343264343463313430653035323964376438616163616635353839666636346630
65643334646530396339386363663930363034313163613132636536393063363432653465613266
66313539396532633263633133653930326537623465613833656235363135623162323231656562
37363239376264626338306165626663343165383562626232313938356338343733643331366264
39386362303764366463386163343963636666353865616336323132646237306665363337323635
65383236343465343538633462616437663235383339646131626161643035373262623334656236
34363164356338353535393231363634386332626235636662363866323963393739386463626331
34373766303936653965356661666637373530373230353163613065356665643431353662653061
35623064643737323534613730303438626633396435393333363732653066646538636261303162
63373665633834313837623638343262646532616433653237363030626138633035343730613338
36363763303164306662303364316433613765383837356230653766303431633831376530373061
30363334313162623436336637643865303933646531373633623432653434336363363832343365
34323265316338333963386232616639376261323266313334663434303733376534333535356532
64376431313361613939646164633231326466353534393766316230396666333333353166386635
61663063306266653436306163326334653138306236323733623736373261383162
